array1 = 160,591,114,229,230,270,128,1657,624,1503
array2 = 186,699,132,272,291,331,199,1890,788,1601

Result of Correlation
Rxy = 0.9978340665177264
R2 = 0.9956728243033025

Result of Regression
Bata1 = 1.091345458388111
Bata0 = 38.00519061150601
array1 = 160,591,114,229,230,270,128,1657,624,1503
array2 = 186,699,132,272,291,331,199,1890,788,1601

Result of Correlation
Rxy = 0.9978340665177264
R2 = 0.9956728243033025

Result of Regression
Bata1 = 1.091345458388111
Bata0 = 38.00519061150601
array1 = 160,591,114,229,230,270,128,1657,624,1503
array2 = 186,699,132,272,291,331,199,1890,788,1601

Result of Correlation
Rxy = 0.9978340665177264
R2 = 0.9956728243033025

Result of Regression
Bata1 = 1.091345458388111
Bata0 = 38.00519061150601
